2030.96
2574.16
2223.67
2274.95
2658.17
2506.03
2794.85
3456.67
2188.29
2228.41
1745.74
2242.63
2491.68
2816
2530.6
2512.35
2505.73
2856.78
3567.87
2520.09
2301.89
2111.57
3314.45
3021.74
2363.5
1988.07
2588.62
2319.86
2814.66
2322.49
1932.45
2002.88
2477.36
1748.71
1708.14
3023.5
2103.35
2232.73
2297.64
1579.82
3154.76
2030.71
1851.36
1986.11
2545.4
2737.39
1281.29
2183.04
1115.53
1345.15
1703.9
1872.04
2326.96
1958.73
2334.49
1799.5
1583.98
1644.77
1646.46
1895.17
2050.88
2402.28
1878.63
1744.18
2237.98
2524.15
2189.14
2058.66
1552.07
1962.1
1419.33
1960.24
2417.68
2492.35
2036.71
2114.56
1398.42
2918.51
2113.93
2402.07
1629.37
2316.34
2568.72
1444.43
2072.8
2373.57
2351.37
1277.04
2752.34
2229.49
3059.95
2506.82
2322.96
1953.42
1366.98
2189.6
2919.94
2417.39
2198.13
3098.74
2983.69
4193.65
2678.2
3823.27
2522.05
2384.02
2688.36
2827.3
1468.49
1772.3
3335.25
2637.22
2253.45
2770.05
2381.7
2789.78
3044.97
3420.36
2843.93
2247.91
3672.39
2484.43
2241.01
1986.47
2645.72
3609.41
2571.6
2495.33
2389.83
3272.98
2136.66
2554.59
1395.69
1429.66
2130.46
3100.1
2042.41
3125.17
2389.63
2222.92
3414.02
3128.41
2821.85
2472.9
2566.61
1832.63
1954.63
2806.04
2694.16
2641.72
2628.38
2377.7
3537.58
3185.04
1774.45
1813.51
1885.17
2660.75
1628.48
1876.82
1982.72
1744.11
2123.71
1799.47
2643.83
2507.21
2207.99
1934.62
2292.33
1823.25
1634.44
1520.92
1554.17
2659.02
1679.78
2431.36
1858.36
1846.84
1928.88
2388.91
1999.68
2459.42
2261.53
2365.98
2617.47
2241.72
2837.04
1681.99
2096.75
2424.89
2458.17
2028.88
2471.35
2396.65
3194.07
2361.95
3077.17
2830.41
2372.86
2402.68
2279.59
2235.46
2230.83
3207.38
2500.74
2306.04
2880.03
3071.87
2326.32
2600.75
2600.18
2593.45
3014.06
3249.64
3260
2550.04
3242.96
2564.71
2787.38
3502.75
3128.43
2850.13
2985.27
3408.72
2588.23
2441.28
2384.71
2459.7
3351.83
2501.58
2298.37
2603.96
2429.2
2396.93
2538.54
2770.22
3288.15
2744.56
2607.25
2756.08
2566.54
2242.25
2283.32
2006.62
2345.08
3099.81
2152.68
2324.88
2665.81
2989.4
2475.77
2228.32
1927.91
2717.08
2400.87
1878.15
1995.7
2342.98
2359.86
2624.72
3318.15
3047.47
2592.47
2781.18
2386.39
1763.06
1769.8
1852.38
3048.71
2115.88
2157.37
2163.64
2484.72
2517.51
2851.44
2491.21
2493.17
2381.95
2442.02
1959.17
1879.47
2143.68
2199.63
2096.61
2437.83
2041.97
2802.48
2124.03
2307.11
2122.63
2589.79
2767.19
2354.61
2214.01
2294.73
2607.77
2243.63
2476.9
3112.52
2357.28
2656.98
3182.55
3440.22
2394.23
2998
2004.33
2581.61
1858.67
2960.79
2216.69
2680.68
1875.31
1982.76
3169.87
2011.42
2137.67
2113.39
2108.22
3370.19
2659.03
3164.41
1896.5
2641.97
3305.29
3408.35
2735.05
2645.77
3027.62
2483.04
2286.14
2489.6
3384.92
3260.86
2553.16
3262.94
2673.2
2761.74
2732.05
2225.38
2102.78
2965.48
3313.98
2702.95
2547.73
2851.63
3366.24
2621.22
2859.17
3255.24
2858.15
2766.37
3271.22
2979.93
2844.93
2173.02
2752.78
2854.78
3169.4
2918.72
3032.11
2183.15
2751.88
2023.75
2678.02
1968.53
1877.41
2741.1
2581.97
2046.45
2285.55
2545.35
2893.35
2680.18
2440.18
1912.56
2236.32
2180.74
1741.22
2206.51
3005.38
2692.35
2755.93
2097.59
2224.62
2312.46
2351.76
3003.26
2311.61
2639.7
3091.98
3011.11
2101.89
2105.09
2022.83
2508.4
2875.74
2854.9
2750.34
3078.63
2912.16
2758.43
2107.15
2025.25
2497.77
2105.64
2646.66
2542.14
2272.46
3136.41
3151.07
3363.55
2504
2103.16
1801.13
1940.15
2500.72
2740.72
2136.1
2450.52
2690.25
2481.96
2531.34
2759.06
2497.96
2401.36
2520.73
2709.23
2885.95
2744.67
2798.09
2868.35
2815.19
2818.46
2425.2
2247.92
2249.11
2465.35
2267.78
2209.49
2983.89
2752.18
2373.57
2401.46
2773.13
3153.26
3415.93
2979.53
2662.29
3085.33
2344.33
2331.12
2969.87
2322.2
2346.47
2162.33
2313.52
3153.53
2117.14
2416.25
2412.32
2292.81
2445.11
2483.1
2562.89
2782.32
2551.49
2841.32
2675.21
2206.86
2423.79
1959.94
1811.72
2951.39
2294.89
2151.08
3163.8
2326.1
2893.96
2655.22
2630.88
3053.27
2507.1
2509.56
2614.19
2238.25
2324.33
2454.86
2362
3270.41
2715.91
2494.24
2045.15
2429.03
2361.92
1973.71
2647.95
2748.75
2552.32
2923.88
2097.25
2210.68
2606.82
2740.6
3243.02
2764.64
2295.13
3223.12
2927.32
2273.19
1940.18
2104.99
2272.57
3457.02
2606.21
2622.23
2666.18
3052.36
3172.51
2906.65
2348.72
2587.83
2268.37
1759.18
1504.86
2366.26
2102.41
2310.72
2569.49
2704.78
3398.1
3127.6
2957.21
2648.6
2418.83
2743.38
2363.37
3029.93
2987.58
2637.14
3059.37
2418.96
2121.59
2425.09
2867.3
2072.8
2762.47
2686.74
2541.1
2383.34
2366.22
2479.88
2469.63
2321.6
2607.93
2157.11
2157.27
2535.78
2461.43
3005.05
2819.81
3225
3075.42
3133.79
2716.94
2627.41
2658.34
3229.67
2459.78
2306.99
2339.06
2366.65
2073.45
2988.9
2348.02
2287.48
3349.86
3076.74
2245.71
2319.11
2687.91
1689.86
2011.71
2362.77
2103.97
2651.22
2783.55
3061.12
2475.81
2749.07
2919.56
2216.89
2820.85
2631.27
2674.54
2178.51
2572.25
2204.76
2652.78
3151.15
2422
2323.03
2415.84
2646.98
2841.36
3195.09
2737.79
2565.25
2898.68
2359.32
2169.94
2935.64
2254.56
2581.27
2451.88
3067.63
2465.13
2437.81
2161.61
2447.66
2136.89
2739.49
2460.51
1571.52
1698.6
1994.45
1839.69
1888.51
1987.09
2946.18
2427.99
2345.98
2131.88
3153.57
2418.18
2236.19
2094.99
1988.92
2334.46
1886.27
2561.66
2054.62
2453.21
2265.93
2210.04
2681.71
2027.65
3522.21
2911.62
2228.11
2264.02
2143.95
2531.64
2167.99
2671.06
2115.34
2343.15
2602.15
2148.63
2494.27
2132.09
2126.82
1939.56
1933.35
2244.25
2519.82
1953.05
2899.28
2359.84
1680.21
1969.12
1931.82
2199.39
2214.16
2218.17
2963.34
1925.77
1947.71
3329.83
2872.33
2586.18
2829.95
1612.03
2165.65
1770.76
2102.66
2105.2
2111.4
2469.23
2177.7
2071.9
2219.38
2416.95
2590.79
2428.01
2440.44
2440.59
2087.16
2486.92
2606.47
2211.95
2049.43
2282.08
3012.39
2993.05
2111.39
1726.77
2018.75
2495.14
1899.77
2060.61
2394.76
2231.84
2453.98
2003.81
2213.24
2206.97
2351.61
2676.4
2441.2
1834.41
2048.65
1827.65
2112.43
1903.34
2339.29
2201.08
2724.65
2326.38
3181.38
2116.29
2047.24
2457.89
2482.97
2482.92
2896.38
2353.4
2479.96
2955.48
2141.12
2052.1
2105.82
2035.25
1956.26
2102.32
2521.79
2217.62
2292.73
2564.51
2153.32
2472.73
2550.46
2139.29
2457.28
2233.68
1874.03
2237.91
2453.39
2652.42
2459.87
2406.05
3014.79
2579.46
2381.58
2150.22
2094.63
2612.14
1892.81
2164.59
2898.17
3279.25
2418.51
2273.23
3191.89
2193.87
2109.3
2849.95
1763.87
1793.99
2102.75
2234.25
2244.06
2597.38
2558.29
2807.69
2260.12
2274.87
2444.76
2488.34
3000.52
3502.08
3382.39
1848.61
1750.83
2305.37
1753.03
2223.14
2598.14
2346.53
2191.61
2245.38
2447.26
2366.52
2349
2695.31
2313.79
2090.36
1805.41
2164.07
1902.05
2557.37
2510.75
2778.83
1989.46
2307.81
1750.4
2043.96
1437.97
2837.01
2348.15
1927.15
2128.74
1835.86
3341.79
2687.35
2278.44
2788.64
2265.23
1918.66
2514.19
2396.68
2357.64
2314.33
1675.44
2451.61
1770.34
1875.77
2775.26
3063.69
2710.71
2108.32
1716.23
2523.08
2182.41
1777.28
1794.28
2159.13
1983.8
2644.46
2490.58
2128.56
2119.46
2183.82
2125.32
2054.39
2030.38
2007.09
2323.67
2103.38
2216.22
1979.68
2095.89
2056.9
2044.98
2534.69
2485.53
2655.85
1857.49
1952.64
1910.23
2399.16
2468.24
2420.99
2029.6
2255.79
2100.02
2502.4
2967.63
1734.61
1448.06
1847.41
1647.6
1777.34
2478.53
1985.93
2679.84
2211.79
2443.74
3615.59
2966.38
2440.74
1898.73
1530.55
1616.34
1676.44
2379.96
1864.48
2512.3
2531.41
2005.09
2170.56
2697.53
2294.16
2817.28
2131.04
2279.42
2362.31
2194.39
2773.06
2206.27
1984.9
2604.62
2458.32
1973.89
1831.66
1962.48
1942.45
2082.7
2123.21
2287.67
2204.81
1987.72
2046.91
2552.45
2175.23
1758.36
1778.28
1829.65
1923.85
2259.01
2203.37
3006.37
2023.61
2015.43
2035.44
2006.64
2164.63
2234.22
2304.74
3570.11
2013.98
2686.53
2096.94
3303.52
1804.58
1839.24
1999.71
2017.43
2682.82
2012.61
2016.99
2916.41
1969.3
2223.35
2387.97
2532.41
2776.99
2588.06
2509.67
2517.27
2376.12
2767.24
2937.6
2147.18
2133.52
2443.06
2133.93
2276.17
2406.97
2252.14
3275.95
2187.13
2686.67
2181.33
2634.64
2727.58
2150.26
2209.73
2728.8
2407.92
2713.52
3141.06
2573.98
2688.52
2343.9
3300.04
2694.03
2887.7
2031.88
2246.53
2143.47
3207.27
1927.22
2141.11
2127.18
3051.73
3282.65
2680.4
1988.12
2140.96
2068.28
2062.86
2163.79
2404.23
1939.54
2863.65
1914.81
1930.51
2061.3
2201.42
2460.32
2217.3
2172.5
3123.66
2065.95
2076.15
2982.05
1950.92
2137.88
2940.63
2152.7
3669.88
2093.62
2399.37
2464.56
2388.45
2384.42
2876.32
3168.29
2180.26
2190.03
2253.88
2540.4
2450.35
2510.66
2533.43
3188.32
2215.12
2208.13
2276.19
2672.9
3288.27
1964.77
2009.42
2140.08
2133.8
2151.56
2218.68
2636.9
2010.98
2641.67
1981.92
2673.9
2564.58
2357.99
2085.62
2153.82
1820.01
2370.46
2630.76
2966.14
2368.75
2849.42
2954.48
2412.35
2167.02
2529.31
2372.4
2444.75
2547.75
2526.5
2802.44
1802.66
2519.11
2542.34
3154.23
2960.1
2738.45
2628.5
3238.39
1828.97
2271.95
3141.64
3615.09
2301.74
3011.09
2475.7
2605.09
2896.34
2288.08
3201.32
2853.81
1839.65
2209.38
3248.67
2329.53
3337.78
2932.61
2981.16
2427.17
2382.6
2508.94
3579.36
2879.75
2176.01
2526.47
2285.5
2557.87
2484.36
2653.03
3176.98
3020.9
2955
3263.81
2427.01
1720.91
3079.94
1635.29
2385.35
2544.68
3285.21
3942.36
2997.1
2132.98
2889.29
2226.13
2659.48
1912.48
3174.03
2602.21
2751.23
2213.63
3058.77
2343.88
2368.6
2540.07
3460.38
3079.43
2612.85
2703.59
2670.02
2614.63
2383.66
3332.08
2196.86
3068.93
2160.6
2458.96
2476.86
2291.94
2779.21
2728.59
2766.39
2471.02
2451.1
2194.09
2334.54
2849.96
3439.95
3300.57
1774.82
2131.17
1956.34
2270.17
2070.57
2695.7
2288.56
2190.37
2757.04
2621.37
2227.87
3032.05
2039.37
1956.18
2166.42
1792.35
3027.65
3097.21
2269.82
2049.9
2654.27
2115.3
2493.22
2844.81
2151.64
2219.39
1738.62
3582.04
2681.48
2507.02
1599.98
1942.68
2528.88
1637.36
1810.27
2560.83
2587.25
1980.5
1933.94
2876.75
2347.05
1601.69
2423.25
2029.48
1775.77
1730.55
2355.4
2488.11
1611.01
3702.33
1505.1
2410.05
2217.49
2581.41
2080.87
2914.28
2670.6
1809.99
2614.66
1919.55
1475.36
3130.1
1713.2
1859.83
2663.11
2960.55
1773.56
1571.49
2043.56
2605.03
2053.72
1799.14
3603.09
2980.29
2048.73
2343.63
2246.11
1642.51
1531.82
1313.78
1546.45
3275.26
3274.43
1479.04
2413.8
1742.92
2282.23
2278.65
2377.48
2347.58
1847.73
1650.84
2387.74
2393.24
1629.57
2759.78
2625.37
2030.12
1722.19
2057.32
3592.75
2223.16
2296.41
2745.42
2379.29
1995.45
2397.29
2143.97
1755.7
2628.66
2963.04
1557.68
2103.89
2069.51
2557.72
1970.93
2301.27
1946.92
2089.22
2596.35
2197.74
1794.27
2633.45
2730.49
2508.06
3018.09
2112.78
2835.46
1835.55
2110.41
2407.44
2755.45
3018.5
2823.79
2174.43
2447.08
1561.26
1800.28
2078.54
3344.56
3251.72
2167.9
1883.43
1531.71
1538.93
2222.03
3063.01
1784.61
1843.05
2053.11
2217.32
3185.01
2576.42
2743.22
3569.69
2145.19
2271.12
1160.99
2085.89
1574.72
2546.34
2734.56
2952.82
2113.9
2021.59
2751.02
2828.01
2969.47
2488.79
2011.03
2665.05
1841.95
3407.68
2562.5
2906.13
1465.49
1809.67
2662.02
2830
2937.9
2688.98
1993.23
2995.71
2164.61
1757.42
1585.15
2462.35
2765.74
3181.8
2704.71
2122.43
1627.53
2567.46
1855.08
4386.22
1786.95
1967.32
2090.59
2656.45
1870.92
2217.42
1996.55
3091.77
2099.58
2673.31
2813.93
2973.86
1974.38
1708.9
2873.71
1517.06
2165.23
2533.68
1650.38
2519.2
1771.98
2343.09
3637.3
2125.6
2467.5
1843.82
2976.57
1820.36
3034.53
2045.16
2542.87
2634.94
1670.03
2839.28
2499.19
3175.83
1552.16
2574.39
1330.82
1496.33
2306.84
2962.68
3485.26
1971.11
2838.72
1601.32
2093.6
1394
2707.23
1540.39
2646.91
1808.87
1971.95
2533.51
1920.2
2745.7
2151.47
2927.68
2953.72
2751.18
1772.67
2335.86
2615.34
2454.08
2040.67
1982.27
2870.88
1711.61
3251.62
2294.81
2449.15
2814.85
1718.6
2058.92
2088.95
2166.41
1759.73
1904.37
3021.65
2032.19
2137.54
2185.96
1391.3
2696.51
1627.25
2538.48
3012.52
2518.05
2975.66
1911.25
1421.77
2551.02
3409.08
2602.3
2642.78
2165.6
1074.17
1953.39
2146.82
2521.86
2461.93
2662.51
3014.75
3061.92
1698.51
2529.48
2460.56
3008.62
3205.92
1694.85
2168.22
2410.24
1944.62
3009.88
1416.89
1661.23
3139.5
2270.68
2134.65
2484.22
3005.2
2801.77
1548.9
2202.77
2733.7
2561.21
2205.16
1505.17
1192.6
2649.82
1476.13
1778.42
2611.29
2395.22
1999.62
3537.32
1886.97
1537.11
1757.97
2410.38
1772.05
1900.05
2840.58
2116.62
2884.4
1879.07
1822.24
3805.57
2376.53
1309.1
1603.32
1397.48
3012.1
3061.79
2405.25
2044.62
2682.75
1935.62
2673.75
2789.93
2119.5
1964.35
2984.09
1939.09
2459.25
3028.98
1711.26
2411.23
1883.6
1714.5
2143.45
2612.2
1960.57
1960.67
2843.66
1701.32
2445.07
2575.14
1937.48
2638.4
1831.09
2746.88
1641.61
1698.8
2633.2
2987.99
1996.42
1910.04
1876.3
2530.13
2603.97
3632.55
2220.05
1930.02
2807.88
1602.29
2087.15
1476.04
2343.42
1616.11
2506.52
2436.8
1677
1550.98
1608.21
1878.58
2654.93
2740.03
3299.64
1624.96
1545.95
2164.78
2609.32
1474.02
2420.2
2545.81
1397.28
3947.72
2520.38
1160.19
1488.48
1367.62
1588.68
2575.45
2719.69
3022.52
2480.98
2577.42
1848.9
2077.99
1915.43
2709.77
1903.64
2121.86
3854.79
2296.36
1532.83
1941.89
2948.16
2499.67
1784.51
1749.56
1927.6
4265.73
1921.96
1509.22
2479.03
1568.57
2108.22
2078.59
2913.78
1912.04
1699.66
2413.12
1725.63
2859.05
1979.3
2604.53
1900.76
1711.8
3044.89
2638.37
3211
3298.74
2437.66
1686.18
2421.5
1362.51
3513.83
3849.42
2916.92
2611.15
3181.86
2081.76
2973.67
2818.53
2487.66
2466.16
2994.55
1743.68
1903.91
1545.14
3585.53
1960.27
3018.71
2426.51
3607.76
2465.69
817.718
1282.61
1327.61
3147.21
1571.65
2427.82
2934.33
1790.78
2883.38
2592.86
1425.41
2117.8
1891.24
1781.03
2116.79
1213.09
1971.58
1658.56
2843.46
1811.51
1849.63
3422.08
2313.01
2451.8
1917.89
1460.53
2119.14
1740.31
1858.13
2744.7
2683.63
1906.54
2820.33
2255.23
2940.35
1704.95
1230.29
1416.36
2569.15
2178.55
1855.25
2528.85
1690.6
2074.88
1735.91
2424.72
2185.92
1896.33
2521.23
1488.41
2340.4
2312.85
2929.88
2290.85
2027.09
1563.25
2707.54
1739.6
2669.05
1801.27
2532.48
1643
2770.74
2478.44
2380.21
1790.87
1794.57
2695.11
3339.82
1858.95
1977.62
2351.25
2780.91
2650.29
3351.24
2041.38
2096.87
1294.21
2573.9
2316.9
1538.26
3469.42
2817.97
1489.47
2356.61
1548.32
1688.78
2886.44
1957.79
2275.26
2553.81
2401.13
1746.56
2104.01
2167.05
1989.45
1168.36
2358.37
1484.47
2949.8
1495.98
2632.67
1830.34
2480.75
2097.4
1682.06
2529.75
3081.29
3231.54
1486.8
1698.78
1410.68
1410.27
2286.18
1650.53
3797.19
2432.02
2233.85
2061.67
1792.72
919.675
1223.4
1877.08
1826.71
2619.23
2890.46
1932.48
2791.47
1479.68
1377.08
2637.57
1848.94
1579.07
3391
1466.71
3546.6
2346.87
1816.35
1955.02
2278.6
1625.31
2083.62
2361.99
1733.53
1584.45
2895.68
1768.67
3064.42
1839.81
1332.71
2699.59
2158.96
1593.06
3809.5
2252.7
2639.98
1458.51
2059.78
1450.79
3011.49
1519.41
2861.32
1375.71
1510.69
1633.92
2362.24
1881.39
2152.36
3163.21
2738.06
3183.51
1884.9
1521.94
2020.15
1309.18
2474.01
1948.83
2584.29
2458.18
1662.25
2817.48
3577.58
2640.25
1857.79
1847.73
1413.77
2637.39
2079.73
1699.49
3080.76
1619.8
2043.26
3129.35
1345.19
1828.43
1429.94
1609.98
2219.69
1763.27
3278.97
2393.33
1973.97
1844.77
2207.66
1680.54
1867.76
2413.8
1747.97
3371.53
1857.69
1431.02
2172.29
2211.29
1536.65
2000.48
2221.45
2191.53
3019.32
2490.39
2376.99
3175.15
2544.54
2286.99
2625.59
1760.53
2023.05
1768.35
2272.67
1835.88
2353.46
2229.97
2103.72
2453.97
2186.37
3147.05
3020.46
2194.16
1644.04
2991.65
2121.81
1748.34
2401.3
2303.6
3251.14
2679.66
2427.12
2510.71
1903.48
2626.33
1943.14
3541.73
1445.6
2206.47
2699.67
1619.98
2901.01
1807.82
3452.43
1713.72
2505.43
1845.1
2013.85
2911.54
2906.08
2991.7
2058.98
1898.52
2047.54
2141.82
2353.78
2970.62
3334.66
2345.46
3114.72
2655.98
1910.47
2417.83
2253.71
1807.82
2760.12
2877.94
1858.14
1907.09
1926.85
1972.91
2495.29
1869.08
2006.47
2949.47
2164.75
2486.56
3358.72
2090.84
2388.6
2666.78
2022.34
2009.07
2380.63
2583.55
1933.56
2572.18
2016.65
1851.14
2415.13
2696.37
2153.13
3094.14
2152.57
2164.09
2270.51
2739.65
2098.42
2529.56
1930.15
2030.25
2552.81
2774.42
2396.15
1880.41
3002.61
1626.08
1681.45
1899.61
2771.7
1983.92
2329.25
2683.34
3134.91
2747.91
2682.36
1197.16
1850.49
2158.64
1676.35
1905.26
3895.31
2641.78
1833.92
1826.06
2645.51
2098.97
2606.54
2846.37
2971.62
1631.24
2627.27
2272.7
1595.26
1858.11
2467.61
2287.27
2732.15
2463.92
1331.24
1276.25
1278.27
1466.16
1509.72
2059.9
1829.8
2002.39
1957.43
2573.64
2750.9
1992.49
1179.04
1408.51
1387.34
2549.41
3115.58
1576.35
1946.45
1761.4
1965.57
1947.75
1965.38
2036.02
2070.13
2447.67
1922.16
3124.78
2122.19
2587.54
2023.85
2302.99
2613.18
2061.79
2909.08
3533.81
1844.15
1942.85
1494.81
1794.78
1563.91
1776.84
2323.03
2586.62
2163.5
2187.34
1831.26
1897.37
1953.82
1999.37
2751.07
3116.93
1852.29
2234.39
1804.85
2102.37
1800.65
2391.59
2878.82
2743.64
2885.68
2207.73
2069.96
2569.31
1729.23
1765.88
1698.79
2107.02
2873.49
1384.06
1399.25
1795.75
1701
2549.57
1808.1
1900.61
2110.54
2560.99
1887.28
1665.44
2398.87
1660.15
2562.43
1463.53
1943.65
2107.32
2495.15
1595.22
2205.73
1791.27
2196.39
2201.79
2535.39
1991.63
2006.24
2741.07
3076.58
1466.89
1881.82
1965.5
1417.42
2433.16
3258.52
1863.96
3141.9
2602.91
2590.31
2451.71
2515.9
2060.07
1447.99
1639.38
1723.67
2121.17
2738.06
3097.21
1253.29
2175.02
1137.83
1632.68
1406.18
2742.56
2300.42
2389.78
2042.98
1494.21
2442.06
1503.11
2615.82
1604.8
1636.44
2779.15
1950.91
3382.58
2020.55
2251.86
1880.15
2168.62
2085.27
1568.93
2044.15
2349.14
2252.38
1803.43
1617.45
2446.4
2230.87
2238.83
1552.05
1491.4
2075.59
1488.02
1871.76
1546.72
2332.46
2112.57
1977.11
2192.7
1486.62
2003.81
1743.84
2669.6
2168.87
1715.17
1434.72
2522.17
2573.56
1920.01
2064.69
2024.7
1977.14
1551.3
2678.35
2358.99
2687.95
2380
1217.29
2583.91
2338.36
2491.46
2662.13
2882.82
3162.3
1495.8
1273.85
2614.34
2044.62
1608.73
1826.14
2719.61
2682.61
1770.16
2171.91
2381.98
1415
2195.36
1744.76
1593.63
1890.74
3093.36
1901.19
2551.79
2347.04
1508.11
1482.63
2842.81
1834.85
2220.57
1893.64
2183.2
2386.19
2144.55
1881.55
1559.65
2205.16
1719.44
1799.62
3260.02
2494.69
1946.82
1440.7
3074.79
1378.88