1198.51
707.347
1707.63
1292.58
1212.5
1679.45
1856.99
1568.28
1128.63
1415.6
1155.15
1171.36
1129.92
714.55
1573.94
1365.59
1298.07
1258.94
1963
1028.38
1700.7
1776.5
1125.47
1626.16
1592.43
1339.79
2185.07
2006.65
1657.9
1661.19
1526.49
1531.98
1548.36
1544.32
1548.21
1315.86
1413.7
1596.93
1558.01
1728.79
2118.62
2134.06
1473.18
1640.95
1132.72
1727.81
1799.37
2049.56
1866.03
1929.96
1694.29
1646.28
1579.66
1925.88
1855.67
1456.26
1522.89
2015.32
1637.8
1610.12
1534.8
1893.34
1946.19
1672.49
1711.76
1156.61
1648.07
1607.09
1279.79
1702.78
1286.66
1287.35
1525.13
1845.66
1934.12
1794.76
2079.53
1841.27
1795.76
1782.53
1086.97
1928.92
2006.24
1958.49
902.053
1987.66
1625.19
1824.01
1765.04
1654.43
1449.5
1542.31
1290.6
1873.57
2419.09
1707.89
1880.51
1355.99
1324.95
1149.94
1300.01
1048.71
1379.04
1227.12
1549.64
1594.86
1574.73
1550.58
1768
1832.19
1743.82
1611.39
1645.39
1222.09
1627
1390.67
1628.67
1422.3
1613.59
1770.71
1890.14
1781.66
1776.19
1389.61
1636.27
1721.56
1578.78
1181.86
1668.02
1804.65
1821.37
1801.41
1889.13
1515.83
2043.5
2199.33
1846.43
1963.75
1269.34
1586.29
1744.57
1918.99
1014.27
1679.46
1703.31
1853.28
1766.98
1358.6
1810.06
1722.8
1712.14
1936.72
2012.23
1709.81
1930.59
1692.72
1835.48
1349.44
1577.33
1737.06
1665.93
1487.53
1575.8
1359.43
2037.06
1631.8
2493.83
2363.62
2328.46
1954.98
1771.92
1911.5
1561.32
2224.14
1237.13
1469.33
1733.75
1421.21
1775.82
1432.44
728.69
1491.85
1973.95
1636.13
1918.26
1626.13
1485.69
1388.64
1640.31
1487.74
1152.08
1377.35
1106.15
945.122
1139.78
1222.69
1371.8
1953.19
2005.38
1871.46
1150.67
1467.25
2019.23
2065.03
1767.73
1948.47
1625.83
1846.51
1667.93
1747.04
929.29
905.501
1580.95
1669.14
740.984
1735.45
1680.63
566.796
1088.74
1500.2
1483.49
1409.35
1500.49
1010.25
1562.21
749.206
1658.67
1697.15
1153.36
1601.11
1499.03
1118.05
1404.85
1571.91
1456.41
1549.51
1350.24
1608.02
1421.71
1438.14
1372.14
1469.34
839.845
1494.59
1550.38
1244.31
920.597
1871.91
1828.23
1927.01
1821.66
1711.3
1732.34
1639.22
1668.43
794.054
1640.64
1787.82
1634.29
1469.87
1673.29
1170.53
1687.83
1587.63
1534.62
1778.18
645.873
1776.46
1741.29
1559.52
1545.07
1481.59
1441.09
1576.76
1365.53
1307.36
1271.7
1289.41
1145.79
1608.78
1757.67
1688
1605.83
1652.65
1625.61
1533.22
1213.77
1345.03
1628.04
1681.89
1740.38
1507.78
1798.17
1847.91
1798.07
1661.71
1772.79
1294.86
907.265
1884.05
2002.06
1884.21
1678.79
1684.85
1436.2
1133.47
1709.05
1078.76
1876.41
1892.59
1798.58
1734.24
1428.98
1395.79
1120.4
1728.99
1700.38
1396.96
1478.94
1124.23
1938.6
1819.07
1948.04
1876.63
1785.95
909.093
1679.15
1523.83
1188.11
1331.36
1720.51
1399.88
1582.83
1581.65
1617.33
1611.3
1131.9
1557
769.204
1612.26
1269.87
1641.66
1763.81
999.974
1538.52
1882.72
1927.9
1782.81
1634.83
1139.61
672.994
1585.87
1360.67
1628.92
1429.69
1249.79
1165.06
840.139
1275.14
1371.7
1338.45
1262.13
1163.08
1175.21
1328.52
1232.08
960.708
474.157
715.813
1206.56
1127.74
1470.15
1147.02
1434.78
1300.98
1260.19
1063.1
917.748
793.743
1305
1440.82
1594.06
1545.14
1553.64
1467.43
1555.01
1359.05
1338.14
1428.61
1276.22
1377.51
1388.02
1402.47
1381.22
1401.4
855.202
1490.75
1384.77
1476.57
1350.28
1408.55
1418.23
601.238
1565.29
1341.78
1095.3
1465.53
1401.26
1311.7
1366.55
1156.86
1521.89
1221.66
842.751
1897.09
2072.94
1887.43
1641.9
1286.49
1786.12
1418.82
1685.84
1472.97
1602.04
1610.1
1353.14
1431.33
1333.22
1094.95
1668.14
1563.71
914.346
1294.97
1500.05
1564.39
1540.48
1368.51
1683.08
1801.33
1312.49
1693.64
1225.26
782.394
1258.42
1128.36
1796.39
1784.62
1738.21
1576.25
1363.23
1235.83
1592.75
1584.85
1274.79
1702.3
1731.86
1174.35
1212.88
1563.11
1557.18
1177.8
1637.72
1405.29
1039.02
1669.63
1477.44
1026.8
1678.96
1763.55
1145.2
1036.03
916.542
1742.82
1612.32
1681.29
943.062
1364.75
1952.85
2006.65
1596.88
2231.64
2141.19
1867.87
1713.26
897.941
1266.45
1144.52
1609.29
951.398
1081.52
1693.63
1513.76
1122.69
1621.21
1625.05
1325.89
1625.16
1406.61
1157.79
1262.91
1178.99
1446.07
1724.48
1640.46
967.533
1117.98
1374.56
1363.29
1080.84
1421.49
1889.81
1851.96
1393
1722.69
1631.08
1468.85
1301.29
1417.6
1037.28
1117.17
1375.88
1837.54
1870.89
1156.95
1994.79
1829.63
1550.34
1041.43
1683.61
1535.97
783.344
1664.28
1143.63
1178.42
1809.59
1830.66
1773.4
1366.18
1194.51
1679.84
1563.26
1235.54
1221.59
1113.25
1125.46
1462.33
1560.2
1394.03
1537.66
1059.37
1536.2
1451.18
704.6
1343.83
1562.76
1602.73
1390.76
755.521
1684.56
1382.02
1328.63
2027.28
1861.64
1202.68
1833.95
1706.1
671.843
1273.69