1844.52
1820.18
2823.58
1670.52
2121.33
1776.59
1863.07
2882.88
2307.22
1923.16
1930.07
2410.49
2263.95
2208.09
1801.58
2687.65
2507.86
1833.75
1235.69
1763.05
1360.52
1455.13
2114.14
1759.44
2158.39
2482.39
2457.88
2916.56
2272
1969.27
2245.42
1911.41
2666.24
2675.33
2981.24
1240.12
2266.7
2530.41
2311.84
2579.7
1866.54
2091.78
2272.83
2278.83
2050.65
2140.33
2112.96
2172.41
2323.01
2347.5
2333.48
2315.73
2197.39
2194.23
2087.21
2296.57
2162.84
2235.09
2146.64
2453.87
2365.08
2061.49
2133.55
2021.73
1989.24
2125.88
2147.06
2120.53
2228.18
2495.15
2393.66
2376.51
2136.93
2250.66
2246.87
2279.34
2286.13
2348.69
2266.37
2299.11
2363.51
2340.82
2330.49
2425.16
2167.03
2391.72
2247.47
2193.51
2250.54
2076.97
2290.69
2358.52
2340.94
2343.04
2301.79
2528.92
2501.59
2348
2209.06
1995.21
1689.14
1758.34
1821.67
1969.46
2161.99
2018.91
2028.27
2382.13
2428.28
2424.55
2289.68
2216.66
2123.05
2021.88
1784.89
1887.87
1821.88
1958.16
2051.03
2280.3
2228.97
2232.34
2024.17
1866.58
1655.74
1844.16
1761.38
1825.49
2061.2
2157.53
2152.3
2064.98
2052.35
2030.97
2042.19
2000.01
2008.09
1876.29
2067.05
2140.81
2095.63
2302.45
1975
2214.92
2212.71
2034.62
1939.77
2104.34
2053.2
2032.31
2210.01
2247.11
2179.73
2281.79
2389.26
2510.31
2512.33
2440.85
2396.83
2425.45
2372.49
2480.58
2496.68
2486.79
2594.13
2350.43
2545.58
2520.97
2387.11
2556.65
2468.8
2416.67
2411.21
2414.55
2301.02
2243.38
2353.54
2462.66
2247.34
2161.66
2180.58
2363.29
2381.5
2574.85
2540.36
2430.35
2450.54
2377.4
2199.54
2110.19
2127.5
2144.16
2133.87
2155.36
2353.17
2159.12
2025.76
2298.96
2268.87
2144.27
2227.35
2188.4
2185.58
2282.55
2357.51
2249.93
2419.89
1994.37
2228.85
2100.65
2021.85
1823.06
2107.69
2106.24
1912.67
2025.51
1962.12
2165.43
2104.29
1945.72
2082.76
1997.32
1888.22
2122.92
2064.57
2030.14
2105.34
2243.58
2179.65
2082.48
2008.65
1954.36
2021.25
2190.6
2138.31
2212.86
2329.75
2423.13
2239.35
2413.51
2412.94
2075.92
1979.73
2148.56
2188.13
2214.6
2257.74
2468.87
2568.64
2532.66
2482.16
2426.21
2022.17
1930.31
1880.4
1824.44
1948.18
2114.44
2318.34
2568.6
2682.24
2665.72
2561.49
2572.27
2361.98
2141.71
2150.76
2357.37
2344.82
2155.83
2323.21
2389.6
2377.18
2421.8
2313.73
2579.83
2473.79
2190.68
2287.27
1996.59
1856.83
1966.84
2153.39
1956.83
2286.46
2154.95
2209.16
2039.88
2175
2053.21
2374.71
2407.11
2289.65
2356.25
2329.38
2067.74
2150.73
2312.66
2333.3
2287.5
2028.44
2232.13
2045.16
2108.98
2114.48
2236.32
2120.71
2034.37
1908.83
2034.55
2075.65
1984.88
1946.71
1862.92
1836.58
1898.95
2175.5
2261.16
2273.79
2104.62
2245.09
2077.41
1888.52
1997.79
2007.67
2021
2065.48
1977.91
1985.29
1786.45
1863.14
2286.35
2461.12
2447.47
2317.97
2152.22
2223.92
2346.34
2258.31
2292.45
2270.45
2348.37
2383.37
2392.82
2339.44
2151.14
2088.43
2057.47
2104.04
2284.24
2468.07
2681.37
1632.36
1811.59
1637.75
1870.4
1730.22
2032.78
2185.52
2335.73
2956.14
1893.8
1835.01
1979.8
1907.85
2043.81
2182.89
2453.07
2376.71
2218.55
2085.94
2010.14
2209.71
2332.55
2283.83
2296.83
2304.14
2353.58
2349.49
2333.12
2224.35
2133.57
2115.55
2217.87
2015.33
2080.38
2082.35
2045.61
1888.61
2098.49
2163.3
2052.8
2100.25
2177.43
2109.3
1916.52
2049.19
2047.81
1982.25
1922.07
1792.86
1795.57
1768.41
1786.97
1928.15
1895.11
2068.03
2083.32
2038.7
1959.02
1766.12
1843.96
1720.07
1964.08
2019.02
2187.16
2135.66
2130.48
1955.52
2109
2108.1
2269.11
2322.1
2319.97
2241.98
2503.23
2257.67
2244.37
2266.51
2586.32
2685.97
2696.65
2779.94
2620.61
2419.69
2111.51
2026.45
2225.74
2348.06
2279.78
2489.76
2442.34
2513.82
2395.23
2436.31
2496.11
2460.29
2485.75
2376.91
2181.96
2394.34
2516.6
2583.83
2617.58
2639.97
2475.4
2332.6
2353.83
2304.75
2331.28
2251.24
2429.48
2592.01
2257.3
2168.08
2302.3
2321.21
1911.48
2143.33
2274.76
2425.61
2489.19
2278.78
2350.67
2286.08
2000.44
2198.32
2004.44
2109.65
2225.05
2035.54
2286.5
2304.76
2279.07
2186.49
2410.14
2335.36
2103.49
2116.25
2314.23
2170.89
2263.25
2231.5
1913.89
1858.58
1782.55
1889.3
1973.37
1986.6
1829.33
2127.24
2211.75
2156.4
2281.56
2270.11
2247.62
2232.47
2045.06
1917.13
2104.72
2033.58
2075.37
2027.07
1876.86
2265.84
2265.99
2256.03
2344.01
2184.41
2058.58
2019.49
1818.31
1854.2
1847.25
2047.31
1989.24
2315.47
2429.27
2169.74
2079.24
2260.14
2219.63
2277.78
2470.71
2406.4
2570.4
2313.37
2440.22
2215.05
2064.56
1980.45
1773.4
1830.78
1932.35
2423.36
1987.13
1903.26
2211.92
2095.16
2791.01
2471.35
2468.61
2473.38
2142.91
2180.15
2149.91
2290.84
2119.72
2101.01
2185.69
2314.33
2329.7
2311.85
2253.28
1835.76
2153
2235.55
2175.93
2128.86
2079.34
2194.14
2136.31
1943.86
1991.1
1803.49
1880.02
1724.39
1982.72
1931.63
1907.37
2096.57
2179.33
2229.57
2243.56
2069.83
2080.69
2023.57
2076.07
2103.4
2206.56
2285.14
2302.49
2322.97
2377.49
2177.13
2234
2062.85
2207
2241.03
1984.34
2050.07
1848.13
1957.21
1836.57
2126.97
2331.01
2307.54
2375.23
2545.39
2657.3
2746.13
2682.78
2552.35
2656.31
2538.99
2410.49
2095.72
1910.83
2141.29
2247.04
2260.33
2271.12
2288.4
2347.87
2368.59
2499.17
2464.06
2479.64
2542.92
2514.62
2435.81
2577.77
2629.15
2352.83
2544.92
2457.57
2305.9
2225.54
2224.03
2141.88
1963.05
2285.38
2290.48
2206.87
2384.08
2319.07
2527.33
2517.16
2354.65
2289.58
2046.64
2196.47
1964.56
1995.81
2186.67
1951.76
2004.15
2265.8
2337.48
2183.28
2158.59
1998.49
2022.85
1928.95
1919.98
2090.93
2062.12
2120.39
1967.22
1982.08
2247.11
2234.14
2327.67
2207.85
2414.46
2375.34
2311.35
2256.35
2365.6
2467.36
2415.58
2438.19
2299.89
2161.12
2064.62
1795.53
1905.67
1831.53
1904.85
2012.93
2201.79
2335.94
2228.93
2403.27
2466.05
2374.82
2321.4
2352.11
2331.84
2280.23
2161.03
2516.77
2462.24
2415.01
2633.62
2491.28
2196.96
2191.63
2377.7
2316.23
2143.32
2170.66
2236.2
2159.29
2172.37
2010.35
1755.71
1975.79
1883.98
2067.79
2113.58
2233.38
2168.94
2175.01
2137.23
1905.37
2153.39
2464.8
2485.1
2353.42
2121.1
2174.22
2205.44
2534.9
2174.2
2203.31
2040.01
2085.88
2339.1
2424.27
2393.4
2194.81
2140.77
1836.36
2105.42
2001.68
2058.18
1976.76
1621.92
1541.52
1609.58
1739.97
1907.43
1951.12
2066.22
2077.62
2157.43
2094.63
1971.6
2012.68
2182.39
2073.37
2367.02
2299.99
2195.14
2283.31
2232.16
2446.07
2105.48
2177.47
2119.48
2186.2
2186.39
2385.43
2512.39
2472.03
2545.81
2461.68
2547.25
2407.3
2248.36
2321.02
2534.58
2441.02
2302.21
2500.51
2456.53
2237.02
2152.89
2062.04
2135.94
2078.34
2241.12
2278.11
2086.56
2341.79
2290.5
2371.28
2332.48
2309.33
2277.29
2582.73
2808.62
2854.38
2863.31
2816.36
2630.67
2314.12
2465.04
2277.9
2268.64
2273.62
2148.62
2223.61
2391.66
2484.52
2260.42
2364.97
2240.43
2165.97
2284.17
2233.32
2189.11
2314.14
2275.57
2270.25
2341.32
2055.94
2131.51
2188.87
2313.65
2237.04
2302.49
2404.43
1942.49
1814.69
1782.22
1726.12
2050.38
2200.7
2221.06
2459.32
2303.53
2268.99
2256.95
2207.8
2060.53
1895.03
1850.02
1918.57
1940.55
1979.13
1866.29
1808.66
1748.96
1895.39
1954.84
1982.77
1942.33
1894.97
1951.19
1894.84
1818.46
1801.41
1904.75
1995.95
1978.66
2040.26
1920.68
2122.99
2069.66
2131.64
2093.33
2106.37
2014.54
2199.83
2002.13
1990.96
1867.39
2043.8
2078.15
1971.33
1982.82
2057.49
2253.41
2176.94
2290.61
2279.47
2305.71
2496.76
2725.32
2589.29
2285.09
2237.69
2265.05
2405.7
2450.76
2547.73
2395.05
2443.48
2292.4
2149.82
2124.37
1792
1933.32
1974.07
1834.56
1993.34
2154.87
2236.93
2136.68
2110.13
2092.82
2064.96
2045.46
2052.7
1978.99
2268.16
2195.78
2489.25
2142.03
2438.15
2214.12
2147.15
2152.71
2151.74
2259.27
2199.59
2217.76
1993.87
2070.43
1917.85
2065.84
2065.17
2073.44
2077.79
2238.28
1921.29
2013.51
2049.34
2123.7
2012.82
1962.94
2217.78
2260.44
2298.81
2107.33
2373.42
1960.65
2098.99
2054.18
2040.09
2250.2
1935.91
2007.18
2108.74
2035.57
2082.03
2097.54
2138.05
2052.42
1660.57
1815.76
1824.52
2109.35
2169.46
2030.94
2430.87
2498.62