1680.96
2643.93
1501.89
1415.36
1798.29
1357.88
1508.74
2549.49
1573.49
1581.92
1710.85
1773.92
2310.22
1760.32
1685.59
2115.42
3201.97
1420.79
1710.7
1425.12
1773.74
1441.5
1512.89
2559.59
2047.63
1922.26
1814.83
1700.5
2685.24
2099.8
1717.29
2668.17
2835.79
1230.3
2268.36
1222.82
1519.87
2433.96
1885.12
1475.33
3021.23
3122.3
2622.75
2671.05
1963.83
2185.39
1127.23
1513.68
1036.81
2157.36
1428.23
2444.32
1774.31
1752.96
2401.45
1625.89
2480.88
2730.74
2350.32
1581.11
2738
2232.42
3112.77
1630.19
2087.53
1427.68
2135.26
2866.78
2788.94
3029.43
2239.24
2817.54
2453.65
2588.72
2453.98
2776.59
2394.36
2226.4
1842.78
2484.58
2262.53
2594.47
2170.71
2548.63
2757.09
2937.04
2674.43
2524.05
2679.73
3500.72
3138.46
2805.78
2452.63
2237.78
1989.46
2459.42
2048.58
2497.51
2235.65
2351.9
2998.11
2676.38
2900.89
2893.02
2534.73
2333.64
2350.44
2406.59
2101.03
2157.79
2353.22
2958
3226.85
2813.65
2768.17
2806.78
2763
2519.38
2297.5
2589.6
1213.69
2694.05
2731.36
2185.1
1837.83
2007.2
1395.48
2967.32
2455.49
3017.55
2616.88
1281.93
1814.2
1423.66
1516.5
2617.96
1779.95
1824.01
1877.15
3288.33
2585.97
2537.45
2805.97
1701.81
1822.82
3124.03
1440.65
2951.3
2702.88
1660.77
2938.18
1917.69
1796.29
1887.18
1918.79
1721.53
2092.85
1853.27
2046.98
1784.54
2389.36
2460.06
2305.07
1949.93
2211.18
1971.99
1697.41
1897.76
1756.7
1933.93
1718.89
2133.36
1752.46
1920.62
2149.84
1952.3
2033.78
1993.7
1918.11
2063.82
1534.99
2010.11
2257.9
2512.12
2454
2299.13
2365.1
2302.77
2297.26
2102.88
2098.96
2010.39
2250.51
2523.27
1773.84
2818.66
2627.98
2128.86
1751.62
1875.64
2672.45
2978.57
1903.58
2901.65
2635.44
2700.19
1681.81
2642.81
1661.82
2716.62
1723.97
1876.22
1954.66
2474.5
2631.45
2338.86
1709.05
2565.42
2455.63
1563.65
1669.73
1891.88
1990.47
3028.88
2898.16
2694.7
2690.2
2097.55
2436.37
2432.51
1716.41
2445.32
2566.71
2610.38
2848.57
1767.31
1711.58
1707.33
2006.84
3339.61
2370.62
2313.15
2340.56
2412.16
2066.76
2677.48
2941.88
2707.33
2658.33
3075.35
2502.84
2515.8
2098.45
1775.12
2128.15
2320.74
2500.38
2623.8
1567.76
2168.83
2498.63
2673.54
2917.87
3039.21
1941.03
2343.17
2843.78
1870.81
2405.85
2578.64
2386.72
1544.6
1691.49
2026.06
2106.34
2450.33
2238.45
1760.65
2092.62
1799.35
1940.32
1951.02
2347.94
1964.48
2783.05
1857.35
2298.67
2420.4
1992.67
2201.23
2205.17
2540.84
2517.93
1999.91
1686.29
1326.12
1795.52
1413.93
2037.85
2572.98
1796.64
2629.31
2373.26
2681.08
2390.8
1814.55
2762.47
1619.87
1967.61
2390.56
2499.51
1868.68
1462.07
1931.74
1736.93
2602.57
1986.78
2959.85
2404.11
2473.93
1796.03
1761.57
2250.29
2802.6
2434.67
2362.95
1998
2089.38
2000.28
1672.88
1712.11
2302.01
1981.18
1754.84
1788.28
2493.76
1773.99
1966.52
1960.49
2335.23
2245.43
1415.53
2481.3
2354.98
2300.02
2224.73
1889.57
2566.48
2720.51
2136.27
2198.44
1810.96
1764.02
2334.79
2452.57
2166.73
1716.72
2043.7
1846.32
2110.07
1748.71
1995.26
2446.34
2515.6
2142.42
2153.58
2112.65
2317.67
1856.22
1617.04
2070.64
2011.37
1802.41
1785.14
2218.43
1888.11
2306.56
1490.16
1554.88
2292.49
2196
2170.02
1700.52
1962.45
1691.69
1702.83
1551.16
2065.4
2245.88
2135.89
1844.79
1958.25
2376.09
1836.04
2062.79
1985.34
2270.16
1564.74
1706.87
1906.98
2097.38
3136.07
2118.67
2561.82
2076.06
1865.59
1905.48
1673.54
1934.8
2100.85
1750.41
1348.61
2128.47
1900.27
2210.23
2270.81
2235.77
1736.16
1861.24
2309.39
2206.09
2326.65
1515.14
2065.27
1795.4
2315.74
1976.95
2785.68
2652.3
1729.93
2505.82
2029.41
2001.17
1702.19
2529.63
2218.48
1934.39
2215.13
2703.78
2432.5
2449.17
2160.01
2226.07
2315.12
2733.99
2337.09
2092.81
2948.2
2438.55
2337.06
2187.37
2414.15
2162.8
2010.72
1724.46
2038.71
1721.19
1821.36
1956.06
2154.75
2635.75
2682.43
2350.42
2816.68
2358.58
2012.04
2035.48
2314.15
1967.27
2048.74
2587.68
1586.57
2303.25
2800.37
1131.11
2327.85
3167.61
1365.95
2109.08
1318.89
1238.09
1627.72
1442.25
2251.91
2155.38
2488.39
2792.19
1981.43
2545.25
1732.47
1304.22
2292.15
1506.49
1911.67
2023.88
2398.52
2348.84
1774.27
1402.21
2171.77
3551.16
1691.31
1511.98
2395.68
1323.51
2822.07
1565.06
1300.35
2030.63
1807.05
2104.07
2000.78
3132.64
1482.62
1507.61
1961.66
2122.82
2729.67
1911.18
1727.34
3727.49
2283.17
2961.17
1640.77
1612.83
2201.02
1677.97
1912.83
3262.11
2279.81
2239.29
1561.09
1887.27
1902.29
1422.94
1952.39
1808.86
1802.48
2354.81
1551.42
2486.97
2134.07
1770.43
2487.59
2367.4
2112.53
2397.99
1400.45
1596.97
2369.02
2299.24
1279.12
1871.91
2546.36
2497.62
1423.36
2247.82
2079.34
3008.17
2118.53
1635
980.769
1559.11
1400.41
2010.86
2720.25
2660.53
1718.91
2290.5
2277.84
1884.31
2681.55
2372.89
1447.93
1886.95
1388.84
2369.54
1860.62
2928.28
2138.29
1991.42
1356.04
1980.32
2303.7
2103.45
2597.5
2537.86
2512.9
2531.73
2633.8
1885.08
2317.2
2488.2
2247.84
2934.55
2986.11
1709.32
2387.08
2616.96
1743.78
1902.45
2878.71
2453.1
2281.18
2666.7
2904.61
2637.62
1713
1707.34
2479.72
3268.7
2606.98
3084.04
2473.99
2820.38
2614.03
2367.69
2276.39
1918.14
1649.42
2265.77
2412.95
2135.8
2715.34
2081.53
2603.7
1517.87
2006.31
1557.98
1694.61
2685.64
2448.02
1898.54
1579.71
2304.58
1543.37
1939.92
1668.13
2130.17
2086.73
2231.45
1955.06
2900.32
2209.12
2765.62
1813.47
1705.72
1775.82
2275.22
2321.26
1826.94
2092.01
2196.35
2444.68
2068.96
1658.52
2747.19
2640.74
1939.76
2085.7
2351.98
2215.57
2119.74
1899.87
1469.31
1600.45
2031.35
2220.16
1800.48
1861.32
2104.21
2253.31
2232.83
3221.12
3253.41
2828.99
2703.79
2380.15
2222.4
1350.97
2330.1
1559.3
2527.1
1618.98
2117.73
2088.43
2220.23
2383.05
2407.64
2181.25
2107.17
2043.36
1992.7
1865.57
2016.43
2169.19
2366.14
2054.62
1835.47
2122.84
2141.5
2097.23
2125.96
2265.15
2291.15
2309.09
2393.63
2231.39
2131.89
2299.99
2280.27
2272.63
2256.78
2295.28
2217.11
2203.13
1986.92
2317.18
2189.13
2066.84
2139.67
2184.77
1966.07
2230.97
2119.9
2349.89
2152.37
2429.6
2401.9
2439.45
2461.53
2345.41
2349.69
2171.53
2003.39
2069.28
2048.17
2047.09
2016.17
2162.16
2094.57
2171
2198.72
2183.26
2188.05
2165.67
2019.63
2244.12
2134.8
2172.58
2021.66
2206.58
2038.86
1911.56
1794.34
2088.92
2139
2105.54
2057.73
2112.17
1915.99
2054.51
1897.49
1945.33
1928.75
1944.32
1960.01
1971.28
2227.04
2056.86
2207.47
2278.53
2200.64
2308.84
2035.03
1933.45
2059.61
2057.62
1742.89
1770.39
1821.95
2111.61
2058.14
2262.18
2321.72
2314.12
2377.25
2431.51
2318.32
2175.32
2047.65
2104.32
2044.96
1961.14
1789
1980.24
2200.59
2130.02
2532.15
2385.73
2611.41
2560.48
2427.21
2445.97
2542.6
2473.02
2328.17
2150.25
2004.6
2023.8